vAs = [(-0.21799013664766403, -0.5023571793344106),(0.43806861572454686, 0.25235264134888885),(-0.21996612497820883, 0.2506258175372971)]
vBs = [(-0.5845343621823524, -0.12771177916537713),(0.4002733778408708, -0.30136003049648535),(0.3889689778694574, 0.26161490951675265),(-0.2689354095542138, 0.24840434931275862)]
vCs = [(0.37900872267547725, -0.35788779037693047),(0.05343979731237958, 0.587630519777832),(-0.28050392925997647, 0.20347157435381596),(-0.2790260172522079, -0.3596149095167526)]
vDs = [(-0.5592972649748391, 0.48861096202561094),(-0.22549069130706167, -0.45403063019074075),(0.4325039292599765, -0.446561949111819),(0.4239575873822218, 0.30637513866397204)]


vAu = [(-0.5220179221316321, -0.16503966450482788),(0.47798207786836777, -0.16503966450482788),(0.04496937597614856, 0.3304527187789308)]
vBu = [(0.4740585927875667, -0.36545839924993373),(-0.025942184562527393, 0.5005665557307537),(-0.44993932042913276, 0.13003315464721044),(-0.01692617377975303, -0.3654588399612012)]
vCu = [(0.021942184562527278, 0.5210690568864235),(-0.4780585927875667, -0.34495589809426397),(0.03095664064471082, -0.34495635498980115),(0.4549544416972373, 0.025576284927716575)]
vDu = [(0.014417099295431987, 0.7420396645048278),(-0.4931218469408215, -0.11958915236087647),(-0.06444990268382092, -0.6188416597147626),(0.506840070215735, -0.1283163647786042)]

vAd = [(0.5220179189906603, 0.16503999736020913),(-0.4779820810084331, 0.16503865095000192),(-0.04496871198060394, -0.3304531493205859)]
vBd = [(-0.4740585897588976, 0.36545668411237353),(0.02594335361558253, -0.5005675976613787),(0.4499399905918503, -0.1300336257040997),(0.01692617680738384, 0.36545778589054234)]
vCd = [(-0.014941021565904156, -0.5570686822378279),(0.4850585897588976, 0.30895694594822487),(-0.023956643673533673, 0.30895671750045606),(-0.4479539458367474, -0.06157649329169301)]
vDd = [(-0.023414729954361082, -0.7730399973602091),(0.4841230561755986, 0.08858950286033201),(0.055450439720314625, 0.5878414330454843),(-0.5158388727304595, 0.09731536891911975)]



Square cell:

x: 1.4
y: 1.4

                            a1 = [1.4,0,0],
                            a2 = [0,1.4,0],
                            a3 = [0,0,1.0],

Positions:
[(0.26899999999999996, 1.119, 0), (0.989, 1.119, 0), (0.32899999999999996, 0.37899999999999995, 0), (0.959, 0.479, 0)]


Triangular cell:

x: 1.9070982572923945
y: 1.7620793290096557

                            a1 = [2.2,0,0],
                            a2 = [0,1.8,0],
                            a3 = [0,0,1.0]
                            
Positions:
[(0.027, -0.716, 0), (0.552, -0.511, 0), (-0.548, -0.536, 0), (-0.015, 0.139, 0), (1.0765491286461972, 0.716, 0), (0.5515491286461971, 0.511, 0), (1.6445491286461973, 0.572, 0), (1.1275491286461972, -0.108, 0)]
                            
Positions for the up triangle:
[(0.027, -0.716, 0), (0.552, -0.511, 0), (-0.548, -0.536, 0), (-0.015, 0.139, 0)]

Positions for inverted triangle:
[(1.0765491286461972, 0.716, 0), (0.5515491286461971, 0.511, 0), (1.6445491286461973, 0.572, 0), (1.1275491286461972, -0.108, 0)]


